Dims =  30 24
Num =  4 14734223 [1 1 1 0 0 0 0 0 1 1 0 1 0 0 1 1 1 0 0 0 1 1 1 1]
Num =  8 6296293 [0 1 1 0 0 0 0 0 0 0 0 1 0 0 1 0 1 1 1 0 0 1 0 1]
Num =  16 411641 [0 0 0 0 0 1 1 0 0 1 0 0 0 1 1 1 1 1 1 1 1 0 0 1]
Num =  6 3150565 [0 0 1 1 0 0 0 0 0 0 0 1 0 0 1 0 1 1 1 0 0 1 0 1]
Num =  21 1720633 [0 0 0 1 1 0 1 0 0 1 0 0 0 0 0 1 0 0 1 1 1 0 0 1]
Num =  22 1720634 [0 0 0 1 1 0 1 0 0 1 0 0 0 0 0 1 0 0 1 1 1 0 1 0]
Num =  29 14734303 [1 1 1 0 0 0 0 0 1 1 0 1 0 0 1 1 1 1 0 1 1 1 1 1]
Num =  17 1460217 [0 0 0 1 0 1 1 0 0 1 0 0 0 1 1 1 1 1 1 1 1 0 0 1]
Num =  10 8262373 [0 1 1 1 1 1 1 0 0 0 0 1 0 0 1 0 1 1 1 0 0 1 0 1]
Num =  1 12637133 [1 1 0 0 0 0 0 0 1 1 0 1 0 0 1 1 1 1 0 0 1 1 0 1]
Num =  3 14736335 [1 1 1 0 0 0 0 0 1 1 0 1 1 0 1 1 1 1 0 0 1 1 1 1]
Num =  19 1722361 [0 0 0 1 1 0 1 0 0 1 0 0 0 1 1 1 1 1 1 1 1 0 0 1]
Num =  18 1984505 [0 0 0 1 1 1 1 0 0 1 0 0 0 1 1 1 1 1 1 1 1 0 0 1]
Num =  20 1720825 [0 0 0 1 1 0 1 0 0 1 0 0 0 0 0 1 1 1 1 1 1 0 0 1]
Num =  24 15352122 [1 1 1 0 1 0 1 0 0 1 0 0 0 0 0 1 0 0 1 1 1 0 1 0]
Num =  28 14734298 [1 1 1 0 0 0 0 0 1 1 0 1 0 0 1 1 1 1 0 1 1 0 1 0]
Num =  2 14996431 [1 1 1 0 0 1 0 0 1 1 0 1 0 0 1 1 1 1 0 0 1 1 1 1]
Num =  23 14303546 [1 1 0 1 1 0 1 0 0 1 0 0 0 0 0 1 0 0 1 1 1 0 1 0]
Num =  13 15091705 [1 1 1 0 0 1 1 0 0 1 0 0 0 1 1 1 1 1 1 1 1 0 0 1]
Num =  5 7344869 [0 1 1 1 0 0 0 0 0 0 0 1 0 0 1 0 1 1 1 0 0 1 0 1]
Num =  14 6703097 [0 1 1 0 0 1 1 0 0 1 0 0 0 1 1 1 1 1 1 1 1 0 0 1]
Num =  7 5247717 [0 1 0 1 0 0 0 0 0 0 0 1 0 0 1 0 1 1 1 0 0 1 0 1]
Num =  0 14734287 [1 1 1 0 0 0 0 0 1 1 0 1 0 0 1 1 1 1 0 0 1 1 1 1]
Num =  11 8262375 [0 1 1 1 1 1 1 0 0 0 0 1 0 0 1 0 1 1 1 0 0 1 1 1]
Num =  12 8258279 [0 1 1 1 1 1 1 0 0 0 0 0 0 0 1 0 1 1 1 0 0 1 1 1]
Num =  25 14696762 [1 1 1 0 0 0 0 0 0 1 0 0 0 0 0 1 0 0 1 1 1 0 1 0]
Num =  27 14734266 [1 1 1 0 0 0 0 0 1 1 0 1 0 0 1 1 1 0 1 1 1 0 1 0]
Num =  9 8131301 [0 1 1 1 1 1 0 0 0 0 0 1 0 0 1 0 1 1 1 0 0 1 0 1]
Num =  15 2508793 [0 0 1 0 0 1 1 0 0 1 0 0 0 1 1 1 1 1 1 1 1 0 0 1]
Num =  26 14733626 [1 1 1 0 0 0 0 0 1 1 0 1 0 0 0 1 0 0 1 1 1 0 1 0]
Lens =  30 30
[1 1 1 0 0 0 0 0 1 1 0 1 0 0 1 1 1 0 0 0 1 1 1 1]
[1 1 1 0 0 0 0 0 1 1 0 1 0 0 1 1 1 1 0 1 1 1 1 1]
Indices 0 6 2
Current len= 29
[1 1 1 0 0 0 0 0 1 1 0 1 0 0 1 1 1 0 0 0 1 1 1 1]
[1 1 1 0 0 0 0 0 1 1 0 1 1 0 1 1 1 1 0 0 1 1 1 1]
Indices 0 9 2
Current len= 28
[1 1 1 0 0 0 0 0 1 1 0 1 0 0 1 1 1 0 0 0 1 1 1 1]
[1 1 1 0 0 1 0 0 1 1 0 1 0 0 1 1 1 1 0 0 1 1 1 1]
Indices 0 14 2
Current len= 27
[0 1 1 0 0 0 0 0 0 0 0 1 0 0 1 0 1 1 1 0 0 1 0 1]
[0 1 0 1 0 0 0 0 0 0 0 1 0 0 1 0 1 1 1 0 0 1 0 1]
Indices 1 18 2
Current len= 26
[0 1 1 0 0 0 0 0 0 0 0 1 0 0 1 0 1 1 1 0 0 1 0 1]
[0 0 1 1 0 0 0 0 0 0 0 1 0 0 1 0 1 1 1 0 0 1 0 1]
Indices 1 3 2
Current len= 25
[0 0 0 0 0 1 1 0 0 1 0 0 0 1 1 1 1 1 1 1 1 0 0 1]
[0 0 0 1 1 1 1 0 0 1 0 0 0 1 1 1 1 1 1 1 1 0 0 1]
Indices 2 9 2
Current len= 24
[0 0 0 0 0 1 1 0 0 1 0 0 0 1 1 1 1 1 1 1 1 0 0 1]
[0 1 1 0 0 1 1 0 0 1 0 0 0 1 1 1 1 1 1 1 1 0 0 1]
Indices 2 15 2
Current len= 23
[0 0 0 1 1 0 1 0 0 1 0 0 0 0 0 1 0 0 1 1 1 0 0 1]
[0 0 0 1 1 0 1 0 0 1 0 0 0 0 0 1 0 0 1 1 1 0 1 0]
Indices 3 4 2
Current len= 22
[0 0 0 1 1 0 1 0 0 1 0 0 0 0 0 1 0 0 1 1 1 0 0 1]
[0 0 0 1 1 0 1 0 0 1 0 0 0 0 0 1 1 1 1 1 1 0 0 1]
Indices 3 8 2
Current len= 21
[0 0 0 1 1 0 1 0 0 1 0 0 0 0 0 1 0 0 1 1 1 0 1 0]
[1 1 0 1 1 0 1 0 0 1 0 0 0 0 0 1 0 0 1 1 1 0 1 0]
Indices 3 10 2
Current len= 20
[1 1 1 0 0 0 0 0 1 1 0 1 0 0 1 1 1 1 0 1 1 1 1 1]
[1 1 1 0 0 0 0 0 1 1 0 1 0 0 1 1 1 1 0 1 1 0 1 0]
Indices 0 9 2
Current len= 19
[0 0 0 1 0 1 1 0 0 1 0 0 0 1 1 1 1 1 1 1 1 0 0 1]
[0 0 0 1 1 0 1 0 0 1 0 0 0 1 1 1 1 1 1 1 1 0 0 1]
Indices 4 7 2
Current len= 18
[0 0 0 1 0 1 1 0 0 1 0 0 0 1 1 1 1 1 1 1 1 0 0 1]
[0 0 1 0 0 1 1 0 0 1 0 0 0 1 1 1 1 1 1 1 1 0 0 1]
Indices 4 16 2
Current len= 17
[0 1 1 1 1 1 1 0 0 0 0 1 0 0 1 0 1 1 1 0 0 1 0 1]
[0 1 1 1 1 1 1 0 0 0 0 0 0 0 1 0 1 1 1 0 0 1 1 1]
Indices 5 12 2
Current len= 16
[1 1 0 0 0 0 0 0 1 1 0 1 0 0 1 1 1 1 0 0 1 1 0 1]
[1 1 1 0 0 0 0 0 1 1 0 1 0 0 1 1 1 1 0 0 1 1 1 1]
Indices 6 10 2
Current len= 15
[0 0 0 1 1 0 1 0 0 1 0 0 0 1 1 1 1 1 1 1 1 0 0 1]
[0 0 0 1 1 0 1 0 0 1 0 0 0 0 0 1 1 1 1 1 1 0 0 1]
Indices 4 3 2
Current len= 14
[0 0 0 1 1 0 1 0 0 1 0 0 0 1 1 1 1 1 1 1 1 0 0 1]
[0 0 0 1 0 1 1 0 0 1 0 0 0 1 1 1 1 1 1 1 1 0 0 1]
Indices 4 3 2
Current len= 13
[1 1 1 0 1 0 1 0 0 1 0 0 0 0 0 1 0 0 1 1 1 0 1 0]
[1 1 1 0 0 0 0 0 0 1 0 0 0 0 0 1 0 0 1 1 1 0 1 0]
Indices 5 9 2
Current len= 12
[1 1 1 0 1 0 1 0 0 1 0 0 0 0 0 1 0 0 1 1 1 0 1 0]
[1 1 0 1 1 0 1 0 0 1 0 0 0 0 0 1 0 0 1 1 1 0 1 0]
Indices 5 3 2
Current len= 11
[1 1 1 0 0 0 0 0 1 1 0 1 0 0 1 1 1 1 0 1 1 0 1 0]
[1 1 1 0 0 0 0 0 1 1 0 1 0 0 1 1 1 0 1 1 1 0 1 0]
Indices 0 8 2
Current len= 10
[1 1 1 0 0 1 1 0 0 1 0 0 0 1 1 1 1 1 1 1 1 0 0 1]
[0 0 1 0 0 1 1 0 0 1 0 0 0 1 1 1 1 1 1 1 1 0 0 1]
Indices 5 4 2
Current len= 9
[0 1 1 1 0 0 0 0 0 0 0 1 0 0 1 0 1 1 1 0 0 1 0 1]
[0 1 1 1 1 1 0 0 0 0 0 1 0 0 1 0 1 1 1 0 0 1 0 1]
Indices 5 7 2
Current len= 8
[0 1 1 1 1 1 1 0 0 0 0 1 0 0 1 0 1 1 1 0 0 1 1 1]
[0 1 1 1 1 1 0 0 0 0 0 1 0 0 1 0 1 1 1 0 0 1 0 1]
Indices 6 5 2
Current len= 7
[1 1 1 0 0 0 0 0 0 1 0 0 0 0 0 1 0 0 1 1 1 0 1 0]
[1 1 1 0 0 0 0 0 1 1 0 1 0 0 0 1 0 0 1 1 1 0 1 0]
Indices 4 6 2
Current len= 6
[1 1 1 0 0 0 0 0 1 1 0 1 0 0 1 1 1 0 1 1 1 0 1 0]
[1 1 1 0 0 0 0 0 1 1 0 1 0 0 0 1 0 0 1 1 1 0 1 0]
Indices 0 4 2
Current len= 5
Num Clusters =  5
